,City,Country,Latitude,Longitude,Temperature,Humidity,Cloudiness,Windspeed
0,nikolskoye,RU,59.7035,30.7861,3.6,85,40,3.0
1,kruisfontein,ZA,-34.0033,24.7314,73.0,88,15,0.45
2,lata,PT,40.1629,-8.3327,56.35,94,100,0.45
3,hammerfest,NO,70.6634,23.6821,24.8,93,75,1.54
4,saint pete beach,US,27.7253,-82.7412,65.86,94,40,1.54
5,ushuaia,AR,-54.8,-68.3,64.4,48,0,1.54
6,bredasdorp,ZA,-34.5322,20.0403,59.0,94,3,1.03
7,dalvik,IS,65.9702,-18.5286,15.8,86,40,1.54
8,faanui,PF,-16.4833,-151.75,80.96,73,51,8.09
9,khatanga,RU,71.9667,102.5,-22.2,83,3,1.64
10,itamarandiba,BR,-17.8572,-42.8589,62.65,99,36,1.08
11,puerto ayora,EC,-0.7393,-90.3518,75.0,99,62,2.75
12,mamallapuram,IN,12.6264,80.1722,80.6,54,40,1.54
13,geraldton,AU,-28.7667,114.6,78.8,47,0,11.32
14,muli,MV,2.9167,73.5667,81.48,70,34,5.68
15,arraial do cabo,BR,-22.9661,-42.0278,73.35,82,65,1.04
16,dikson,RU,73.5069,80.5464,-22.67,86,1,1.51
17,atuona,PF,-9.8,-139.0333,78.39,80,1,7.61
18,homer,US,59.6425,-151.5483,31.95,75,90,2.57
19,albany,US,42.6001,-73.9662,19.8,48,100,0.66
20,busselton,AU,-33.65,115.3333,68.0,58,66,1.34
21,thompson,CA,55.7435,-97.8558,-32.8,75,1,2.27
22,hobart,AU,-42.8794,147.3294,73.51,38,90,5.14
23,agua verde,MX,22.9,-106.05,63.25,100,40,1.54
24,lebu,CL,-37.6167,-73.65,58.89,97,20,4.11
25,asau,RO,46.4333,26.4,33.37,100,90,1.54
26,avarua,CK,-21.2078,-159.775,82.4,78,40,1.03
27,mataura,NZ,-46.1927,168.8643,51.13,80,100,4.79
28,hilo,US,19.7297,-155.09,67.24,68,20,3.46
29,dali,CN,25.7,100.1833,61.95,31,4,3.57
30,mogadishu,SO,2.0371,45.3438,79.34,72,89,9.18
31,cherskiy,RU,68.75,161.3,-16.04,88,0,1.92
32,luena,AO,-11.7833,19.9167,64.6,92,100,3.99
33,sao filipe,CV,14.8961,-24.4956,70.57,74,28,4.96
34,hohhot,CN,40.8106,111.6522,48.2,23,0,4.0
35,jalor,IN,25.35,72.6167,83.64,14,19,1.3
36,rikitea,PF,-23.1203,-134.9692,78.44,79,9,6.17
37,lahat,ID,-3.8,103.5333,86.7,62,67,1.59
38,mar del plata,AR,-38.0023,-57.5575,68.0,88,75,6.17
39,butaritari,KI,3.0707,172.7902,81.79,78,100,6.06
40,jiwani,PK,25.05,61.7417,76.64,30,100,4.48
41,oksfjord,NO,70.2396,22.3479,15.91,85,75,0.51
42,chester,US,40.1254,-75.8749,26.92,100,90,2.89
43,gigmoto,PH,13.7796,124.39,83.43,73,1,4.76
44,grand-santi,GF,4.25,-54.3833,70.23,95,86,0.89
45,tocopilla,CL,-22.092,-70.1979,66.43,68,26,1.86
46,souillac,MU,-20.5167,57.5167,84.99,63,85,5.36
47,hithadhoo,MV,-0.6,73.0833,82.04,80,23,5.43
48,kapaa,US,22.0752,-159.319,68.99,60,75,3.09
49,morwell,AU,-38.2333,146.4,88.0,50,54,0.45
50,saint-pierre,RE,-21.3393,55.4781,81.99,61,75,4.12
51,cape town,ZA,-33.9258,18.4232,67.96,88,0,5.14
52,torbay,CA,47.6666,-52.7314,18.48,73,75,11.32
53,fortuna,US,40.5982,-124.1573,43.21,100,1,1.54
54,saint-philippe,RE,-21.3585,55.7679,81.66,61,75,4.12
55,porto novo,BJ,6.4965,2.6036,82.4,89,40,5.14
56,east london,ZA,-33.0153,27.9116,71.6,94,0,3.09
57,hermanus,ZA,-34.4187,19.2345,70.0,82,1,2.68
58,port elizabeth,ZA,-33.918,25.5701,73.4,88,75,1.54
59,coihaique,CL,-45.5752,-72.0662,66.2,59,0,3.6
60,tambopata,PE,-12.7333,-69.1833,69.39,99,100,2.21
61,ojinaga,MX,29.5667,-104.4167,63.43,34,1,4.12
62,doha,QA,25.2867,51.5333,65.03,88,20,2.06
63,hlotse,LS,-28.8718,28.045,67.55,72,76,0.16
64,taoudenni,ML,22.6783,-3.9836,60.01,28,0,4.33
65,chuy,UY,-33.6971,-53.4616,68.88,90,50,4.44
66,muroto,JP,33.2833,134.15,57.2,38,0,4.63
67,arroyo,ES,41.6096,-4.7969,46.62,100,90,2.57
68,carnarvon,AU,-24.8667,113.6333,80.6,65,0,9.77
69,lardos,GR,36.0942,28.0157,57.2,88,20,1.54
70,polgardi,HU,47.061,18.302,24.01,63,100,6.71
71,necochea,AR,-38.5473,-58.7368,60.01,95,0,0.89
72,kamenka,RU,51.3223,42.7678,28.99,96,100,3.88
73,punta arenas,CL,-53.15,-70.9167,55.2,88,90,4.12
74,qaanaaq,GL,77.484,-69.3632,5.0,76,71,4.94
75,bluff,NZ,-46.6,168.3333,52.74,81,100,11.35
76,sakakah,SA,29.9697,40.2064,51.8,62,0,2.06
77,provideniya,RU,64.3833,-173.3,-11.2,64,0,10.0
78,port-gentil,GA,-0.7193,8.7815,82.4,89,75,2.57
79,tecoanapa,MX,16.5167,-98.75,74.03,84,0,2.36
80,bambous virieux,MU,-20.3428,57.7575,84.99,63,79,5.36
81,simoes,BR,-7.5989,-40.8178,71.67,80,71,3.57
82,tuktoyaktuk,CA,69.4541,-133.0374,-22.0,69,1,7.2
83,sao borja,BR,-28.6606,-56.0044,67.42,89,100,0.77
84,jamestown,US,42.097,-79.2353,16.95,86,90,2.06
85,vardo,NO,70.3705,31.1107,21.2,63,75,5.14
86,liverpool,GB,53.4106,-2.9779,26.69,86,15,5.14
87,havoysund,NO,70.9963,24.6622,24.8,93,75,1.54
88,vaini,TO,-21.2,-175.2,82.4,83,20,4.63
89,fauske,NO,67.2588,15.3918,18.16,91,99,3.31
90,aklavik,CA,68.2191,-135.0107,-24.65,76,0,3.09
91,martapura,ID,-3.4167,114.85,91.4,58,40,4.12
92,hobyo,SO,5.3505,48.5268,80.06,65,86,9.3
93,kautokeino,NO,69.0125,23.0412,12.52,92,100,2.84
94,bethel,US,41.3712,-73.414,23.86,74,90,0.43
95,mahebourg,MU,-20.4081,57.7,84.99,63,76,5.36
96,georgetown,MY,5.4112,100.3354,85.66,79,20,1.54
97,airai,TL,-8.9266,125.4092,70.92,93,82,1.55
98,lewistown,US,40.5992,-77.5714,24.31,100,90,2.06
99,vila franca do campo,PT,37.7167,-25.4333,58.46,72,40,11.83
100,la ciotat,FR,43.1748,5.6045,46.98,58,1,3.58
101,inhambane,MZ,-23.865,35.3833,80.29,78,40,3.09
102,nome,US,64.5011,-165.4064,-14.8,58,1,2.57
103,muros,ES,42.7762,-9.0603,57.7,94,100,4.47
104,mikhaylovka,RU,50.06,43.2379,34.0,94,100,4.18
105,bantry,IE,51.6833,-9.45,35.6,75,75,8.75
106,marathon,US,44.9,-89.7668,-10.26,71,1,3.09
107,yellowknife,CA,62.456,-114.3525,-15.83,76,40,2.06
108,severo-kurilsk,RU,50.6789,156.125,27.63,97,100,10.29
109,kununurra,AU,-15.7667,128.7333,93.2,55,95,4.63
110,castro,BR,-24.7911,-50.0119,60.37,97,92,2.9
111,vestmannaeyjar,IS,63.4427,-20.2734,40.6,72,100,12.04
112,taggia,IT,43.8485,7.8545,41.38,93,0,1.54
113,waingapu,ID,-9.6567,120.2641,86.04,70,85,4.82
114,falun,SE,60.6036,15.626,4.1,85,0,4.12
115,kawalu,ID,-7.3817,108.2082,86.67,59,59,1.75
116,broken hill,AU,-31.95,141.4333,98.6,16,32,4.63
117,oranjemund,NA,-28.55,16.4333,65.41,83,94,2.11
118,wadi musa,JO,30.3222,35.4793,52.65,43,0,1.9
119,mananjary,MG,-21.2167,48.3333,77.76,81,100,1.62
120,pontianak,ID,-0.0333,109.3333,89.6,55,40,1.54
121,ancud,CL,-41.8697,-73.8203,59.49,88,0,1.54
122,bardiyah,LY,31.7561,25.0865,60.46,38,0,5.73
123,vallenar,CL,-28.5708,-70.7581,58.44,83,11,0.18
124,manokwari,ID,-0.8667,134.0833,82.74,75,75,0.44
125,iranshahr,IR,27.2025,60.6848,64.4,17,0,2.06
126,husavik,IS,66.0449,-17.3389,15.8,86,40,1.54
127,esperance,AU,-33.8667,121.9,68.0,52,90,6.69
128,boyolangu,ID,-8.1181,111.8935,84.16,73,62,4.32
129,ippy,CF,6.2679,21.2247,69.44,24,98,1.26
130,iqaluit,CA,63.7506,-68.5145,-0.2,78,1,3.6
131,chapais,CA,49.7834,-74.8492,-13.0,77,90,2.06
132,port macquarie,AU,-31.4333,152.9167,77.0,47,33,5.66
133,tautira,PF,-17.7333,-149.15,80.6,61,75,4.63
134,pisco,PE,-13.7,-76.2167,70.92,78,0,2.57
135,barrow,US,71.2906,-156.7887,-43.6,83,1,5.66
136,victoria,HK,22.2855,114.1577,66.0,75,6,1.34
137,ferentino,IT,41.6953,13.2564,39.49,91,4,1.96
138,krasnyy oktyabr,RU,56.1167,38.8833,-1.08,93,89,1.9
139,kodiak,US,57.79,-152.4072,37.4,70,90,17.49
140,namuac,PH,18.6109,121.1657,82.2,72,35,7.06
141,santa maria,BR,-29.6842,-53.8069,65.91,95,94,2.05
142,nenita,PH,12.4917,124.8044,82.26,87,64,1.33
143,ndende,GA,-2.4008,11.3581,74.7,94,100,0.25
144,igarka,RU,67.4667,86.5833,-16.65,87,88,2.95
145,vila velha,BR,-20.3297,-40.2925,74.55,94,75,1.54
146,paita,PE,-5.0892,-81.1144,74.25,81,74,3.2
147,sao gabriel da cachoeira,BR,-0.1303,-67.0892,73.35,96,94,0.4
148,tulun,RU,54.5611,100.5792,3.24,90,100,3.2
149,namibe,AO,-15.1961,12.1522,72.93,73,100,1.11
150,kholodnyy,RU,62.7167,147.95,0.45,89,64,0.83
151,yulara,AU,-25.2406,130.9889,98.6,34,40,6.69
152,kalianget,ID,-7.05,113.9333,83.46,75,97,2.6
153,langsa,ID,4.4683,97.9683,90.77,53,15,2.92
154,antofagasta,CL,-23.65,-70.4,68.0,83,90,2.06
155,abu samrah,SY,35.3029,37.1841,52.92,77,0,1.12
156,faya,SA,18.3851,42.4509,51.78,76,0,1.33
157,ponta delgada,PT,37.7333,-25.6667,58.5,72,40,11.83
158,tasiilaq,GL,65.6145,-37.6368,12.2,48,72,3.09
159,takaungu,KE,-3.6837,39.8566,81.25,70,99,3.87
160,makokou,GA,0.5738,12.8642,71.31,91,100,1.01
161,srednekolymsk,RU,67.45,153.6833,-18.87,88,40,0.24
162,talnakh,RU,69.4865,88.3972,-15.7,83,11,1.14
163,ribeira grande,PT,38.5167,-28.7,59.4,70,43,12.72
164,durg,IN,21.1833,81.2833,84.74,14,61,1.13
165,cayenne,GF,4.9333,-52.3333,73.4,100,75,2.57
166,port hedland,AU,-20.3167,118.5667,91.4,62,1,7.72
167,letterkenny,IE,54.95,-7.7333,30.43,92,86,5.81
168,erzin,TR,36.9559,36.2,53.01,84,35,1.79
169,mahon,ES,39.8885,4.2658,48.2,81,0,2.06
170,khani,GE,41.9563,42.9566,44.6,87,0,1.54
171,nabire,ID,-3.3667,135.4833,87.01,63,98,1.99
172,udachnyy,RU,66.4167,112.4,-16.51,85,61,1.3
173,port alfred,ZA,-33.5906,26.891,75.99,91,31,0.45
174,oum hadjer,TD,13.2954,19.6966,65.16,27,0,4.06
175,aljezur,PT,37.3191,-8.8033,57.15,93,95,2.37
176,new norfolk,AU,-42.7826,147.0587,73.71,29,97,0.67
177,terney,RU,45.0503,136.6092,29.07,86,0,2.9
178,miri,MY,4.4148,114.0089,87.4,79,40,3.6
179,duma,CN,34.7653,108.135,50.0,46,85,2.0
180,baijiantan,CN,45.6333,85.1833,17.62,84,96,2.73
181,micheweni,TZ,-4.9667,39.8333,82.45,72,100,4.68
182,talcahuano,CL,-36.7167,-73.1167,59.0,100,90,1.54
183,katsuura,JP,35.1333,140.3,55.15,33,0,8.75
184,lazaro cardenas,MX,17.9583,-102.2,71.82,84,17,1.46
185,eidfjord,NO,60.4675,7.0719,-7.73,75,1,0.45
186,boa vista,BR,2.8197,-60.6733,77.0,69,0,3.09
187,tiksi,RU,71.6872,128.8694,-12.55,88,13,1.16
188,luba,GQ,3.4568,8.5547,78.8,94,20,2.06
189,ouango,CF,4.3133,22.5552,71.91,29,90,1.05
190,kijang,KR,35.2442,129.2139,53.6,35,0,2.57
191,ballina,AU,-28.8667,153.5667,76.39,57,75,4.63
192,catuday,PH,16.2923,119.8062,80.15,74,42,5.93
193,kasama,ZM,-10.2129,31.1808,65.3,95,100,1.85
194,pevek,RU,69.7008,170.3133,-18.96,71,0,0.51
195,grindavik,IS,63.8424,-22.4338,35.6,93,90,7.2
196,terrace,CA,54.5163,-128.6035,5.0,56,1,10.29
197,lakes entrance,AU,-37.8811,147.981,80.01,61,6,2.24
198,aleksandrovsk,RU,59.158,57.5624,-13.41,87,91,0.48
199,flinders,AU,-34.5833,150.8552,78.48,61,3,1.79
200,ahipara,NZ,-35.1667,173.1667,65.26,71,78,5.27
201,alekseyevsk,RU,57.8406,108.3492,5.88,89,86,1.08
202,santo estevao,BR,-12.4303,-39.2514,70.11,98,38,1.07
203,pendleton,US,45.6721,-118.7886,23.88,68,1,1.54
204,namli,IN,23.4333,75.05,81.32,19,93,3.33
205,alice springs,AU,-23.7,133.8833,98.6,32,0,7.2
206,codrington,AU,-38.2667,141.9667,74.93,44,99,7.19
207,ouadda,CF,8.0777,22.4007,69.03,24,72,1.76
208,acari,PE,-15.4311,-74.6158,71.62,72,91,0.53
209,auki,SB,-8.7676,160.7034,81.1,83,97,4.25
210,sobolevo,RU,54.4299,31.8996,-0.26,93,100,2.0
211,salalah,OM,17.0151,54.0924,77.0,38,0,4.12
212,gushikawa,JP,26.3544,127.8686,62.94,88,90,9.77
213,harsud,IN,22.1,76.7333,83.88,16,100,2.66
214,okhotsk,RU,59.3833,143.3,22.91,92,100,2.89
215,san quintin,MX,30.4833,-115.95,55.38,83,6,3.94
216,touros,BR,-5.1989,-35.4608,77.0,94,75,3.09
217,rey bouba,CM,8.6724,14.1786,67.06,22,89,1.11
218,marawi,PH,7.9986,124.2928,82.99,82,64,3.58
219,prado,BR,-17.3411,-39.2208,74.32,87,36,1.78
220,durango,MX,24.8333,-104.8333,46.58,54,0,2.3
221,nimaparha,IN,20.0667,86.0167,86.38,27,6,1.56
222,sechura,PE,-5.5569,-80.8222,76.69,72,97,3.25
223,port blair,IN,11.6667,92.75,82.56,53,88,5.05
224,te anau,NZ,-45.4167,167.7167,55.69,63,83,2.38
225,pelym,RU,61.0108,61.9978,-15.81,85,0,0.95
226,bengkulu,ID,-3.8004,102.2655,84.83,63,10,3.72
227,qasigiannguit,GL,68.8193,-51.1922,14.0,67,90,6.69
228,ginir,ET,7.1333,40.7,67.48,36,90,2.4
229,kilindoni,TZ,-7.9139,39.6668,81.9,80,100,7.77
230,vikhorevka,RU,56.1201,101.1636,3.09,72,100,4.0
231,barkhan,PK,29.8977,69.5256,67.48,21,0,1.18
232,sitka,US,57.0531,-135.33,21.2,53,1,1.54
233,sinnamary,GF,5.3833,-52.95,76.8,85,90,5.49
234,tilichiki,RU,60.4667,166.1,-13.32,88,32,5.17
235,pecos,US,31.4229,-103.4932,33.8,93,90,5.14
236,oktyabrskiy,RU,54.4815,53.471,5.41,93,100,2.74
237,port moresby,PG,-9.4431,147.1797,89.6,66,40,5.66
238,pergamino,AR,-33.89,-60.5736,63.18,89,74,0.89
239,cabo san lucas,MX,22.8909,-109.9124,62.71,78,5,0.89
240,hun,LY,29.1268,15.9477,58.62,32,0,2.64
241,areia branca,BR,-4.9561,-37.1369,79.07,80,67,5.53
242,cidreira,BR,-30.1811,-50.2056,73.24,83,45,6.08
243,clyde river,CA,70.4692,-68.5914,5.0,92,0,20.06
244,margate,GB,51.3813,1.3862,30.52,69,100,1.79
245,pangnirtung,CA,66.1451,-65.7125,3.04,73,19,0.97
246,saint-augustin,CA,51.226,-58.6502,24.78,98,100,0.94
247,eskisehir,TR,39.7767,30.5206,32.83,100,7,2.06
248,agadir,MA,30.4202,-9.5982,53.6,100,90,2.57
249,nuuk,GL,64.1835,-51.7216,24.8,93,75,2.57
250,dehloran,IR,32.6941,47.2679,66.88,26,0,1.56
251,samdari,IN,25.8167,72.5833,82.58,14,33,0.98
252,olafsvik,IS,64.8945,-23.7142,34.83,88,100,8.14
253,palmas,BR,-10.2128,-48.3603,75.2,94,75,2.57
254,marzuq,YE,14.4,46.4667,65.44,27,13,2.89
255,karlskrona,SE,56.1616,15.5866,19.4,86,75,3.6
256,leshukonskoye,RU,64.8989,45.7622,-11.43,89,65,2.19
257,moses lake,US,47.1301,-119.2781,23.25,50,90,5.14
258,biltine,TD,14.5333,20.9167,68.7,25,0,5.0
259,santa rosa,PH,14.3122,121.1114,86.85,79,20,4.12
260,sangar,RU,63.9242,127.4739,2.26,93,100,4.3
261,bradford,GB,53.7939,-1.7521,27.03,31,27,2.28
262,krasnoselkup,RU,65.7,82.4667,-22.38,86,92,2.14
263,bathsheba,BB,13.2167,-59.5167,75.96,77,15,7.8
264,along,IN,28.1667,94.7667,80.04,25,43,0.56
265,ailigandi,PA,9.2333,-78.0167,78.48,78,82,4.13
266,kysyl-syr,RU,63.8986,122.7617,-9.47,89,0,2.16
267,karratha,AU,-20.7377,116.8463,92.34,49,0,4.57
268,mount gambier,AU,-37.8333,140.7667,89.6,27,90,8.23
269,nhulunbuy,AU,-12.2333,136.7667,86.0,70,75,5.14
270,rosario do sul,BR,-30.2583,-54.9142,66.9,95,100,3.52
271,roald,NO,62.5833,6.1333,16.88,50,0,6.17
272,diffa,NE,13.3154,12.6113,63.73,30,0,3.98
273,xinyu,CN,27.8043,114.9334,56.86,84,100,2.08
274,upernavik,GL,72.7868,-56.1549,-1.23,90,88,5.66
275,saint-denis,FR,48.9167,2.3333,21.94,86,15,3.09
276,ust-tsilma,RU,65.441,52.1498,-12.21,89,92,1.6
277,ulundi,ZA,-28.3352,31.4162,73.74,82,97,0.71
278,aboisso,CI,5.4678,-3.2071,75.97,95,1,1.5
279,kavaratti,IN,10.5669,72.642,82.31,52,96,2.63
280,west bay,KY,19.3667,-81.4167,76.42,89,4,5.2
281,basco,PH,20.4487,121.9702,76.96,89,32,6.44
282,saskylakh,RU,71.9167,114.0833,-20.79,84,0,2.37
283,laguna,US,38.421,-121.4238,53.37,71,1,3.6
284,pobe,BJ,6.9801,2.6649,75.56,94,28,0.61
285,urumqi,CN,43.801,87.6005,21.2,86,75,3.0
286,ilaya,PH,5.8153,125.2267,86.0,66,40,4.63
287,ponta do sol,PT,32.6667,-17.1,57.96,77,20,1.03
288,saldanha,ZA,-33.0117,17.9442,60.8,82,0,1.54
289,amli,IN,20.2833,73.0167,89.71,12,100,1.85
290,cayambe,EC,0.05,-78.1333,57.2,94,75,1.54
291,polson,US,47.6936,-114.1632,3.2,60,90,9.77
292,wuda,CN,39.4994,106.7117,44.89,44,7,7.11
293,pekan,MY,3.4836,103.3996,87.4,62,20,3.09
294,novoseleznevo,RU,55.6821,69.2056,-17.66,87,1,2.4
295,roma,US,43.2128,-75.4557,14.72,73,20,0.84
296,luwuk,ID,-0.9516,122.7875,86.58,66,100,1.14
297,umm lajj,SA,25.0213,37.2685,79.3,36,0,4.51
298,beoumi,CI,7.6736,-5.5764,73.4,100,13,5.14
299,sao joao da barra,BR,-21.6403,-41.0511,72.46,91,78,1.76
300,lorengau,PG,-2.0226,147.2712,83.43,77,100,4.74
301,caravelas,BR,-17.7125,-39.2481,74.3,89,35,1.37
302,turukhansk,RU,65.8167,87.9833,-14.13,88,98,3.46
303,kursumlija,RS,43.1458,21.2686,48.04,81,90,0.51
304,kisangani,CD,0.5167,25.2,75.69,59,100,0.54
305,tsiroanomandidy,MG,-18.7667,46.0333,67.19,89,100,2.83
306,kidal,ML,18.4411,1.4078,67.66,21,55,4.58
307,varkkallai,IN,8.7341,76.7067,84.83,40,30,1.1
308,rio gallegos,AR,-51.6226,-69.2181,66.2,59,0,5.14
309,cuamba,MZ,-14.8031,36.5372,74.95,90,100,0.67
310,san miguel,SV,13.4833,-88.1833,71.04,86,0,0.96
311,muzhi,RU,65.3667,64.6667,-15.36,83,89,1.74
312,mezen,RU,65.8522,44.24,-8.28,91,79,2.28
313,alofi,NU,-19.0595,-169.9187,84.2,74,100,2.57
314,tuatapere,NZ,-46.1333,167.6833,53.67,72,92,6.09
315,kerouane,GN,9.2667,-9.0167,65.46,41,0,1.3
316,ocampo,MX,21.65,-101.5,51.66,44,31,3.11
317,chicama,PE,-7.8447,-79.1469,72.9,75,100,1.51
318,kologriv,RU,58.8275,44.3178,-5.53,91,83,2.95
319,havre-saint-pierre,CA,50.2334,-63.5986,3.2,60,90,8.75
320,green river,US,41.5286,-109.4662,28.4,64,1,11.32
321,tevaitoa,PF,-16.7833,-151.5,81.0,70,33,8.47
322,hasaki,JP,35.7333,140.8333,54.12,26,20,7.2
323,lensk,RU,60.7253,114.9278,4.15,89,99,2.93
324,takoradi,GH,4.8845,-1.7554,79.43,85,36,3.34
325,lodja,CD,-3.4833,23.4333,72.43,94,100,0.03
326,mandera,KE,3.9366,41.867,80.56,49,100,6.74
327,havelock,US,34.8791,-76.9013,47.07,87,90,3.6
328,kjollefjord,NO,70.9457,27.3465,17.6,73,20,4.12
329,bonavista,CA,48.6499,-53.1147,17.94,86,99,5.66
330,ilebo,CD,-4.3167,20.5833,74.26,91,100,0.31
331,ilfracombe,GB,51.2093,-4.1134,28.38,79,98,2.68
332,koumac,NC,-20.5667,164.2833,79.63,71,19,5.61
333,beringovskiy,RU,63.05,179.3167,-24.07,85,86,6.1
334,jalu,LY,29.0331,21.5482,56.37,35,0,3.54
335,marquette,US,46.5333,-87.6335,0.25,54,4,1.79
336,ghatanji,IN,20.1333,78.3167,87.06,13,31,0.58
337,altay,CN,47.8667,88.1167,15.04,80,77,0.69
338,kutum,SD,14.2,24.6667,62.65,45,0,5.25
339,san andres,CO,12.5847,-81.7006,80.6,69,20,3.09
340,guerrero negro,MX,27.9769,-114.0611,56.5,81,14,6.39
341,mehamn,NO,71.0357,27.8492,17.6,73,20,4.12
342,solnechnyy,RU,50.7214,136.6319,11.73,92,13,1.55
343,vanderhoof,CA,54.0166,-124.0198,-17.21,85,90,0.83
344,cody,US,44.5263,-109.0565,-9.45,77,90,3.6
345,timra,SE,62.487,17.3257,5.7,72,0,4.63
346,nagaur,IN,27.2,73.7333,79.38,16,11,2.54
347,kaitangata,NZ,-46.2817,169.8464,55.99,67,100,7.15
348,statesville,US,35.7826,-80.8873,45.46,93,90,1.9
349,aksu,CN,41.1231,80.2644,47.79,44,5,1.21
350,nanortalik,GL,60.1432,-45.2371,24.1,87,50,4.81
351,russell,US,32.3502,-85.1999,53.33,100,75,1.76
352,teya,RU,60.3778,92.6267,-8.46,84,100,4.09
353,hamilton,US,39.1834,-84.5333,19.98,79,90,5.66
354,hambantota,LK,6.1241,81.1185,86.0,58,20,3.6
355,saint-georges,GD,12.0564,-61.7485,77.0,83,20,5.14
356,zhezkazgan,KZ,47.8043,67.7144,5.65,88,75,3.01
357,hazorasp,UZ,41.3194,61.0742,33.8,69,90,3.09
358,rawson,AR,-43.3002,-65.1023,67.84,63,0,13.79
359,krasnyy kut,RU,50.95,46.9667,22.5,98,100,3.7
360,bambanglipuro,ID,-7.95,110.2833,83.8,71,73,5.48
361,kozhva,RU,65.1073,57.0459,-20.36,87,83,1.84
362,mao,ES,39.8885,4.2658,48.2,81,0,2.06
363,skjervoy,NO,70.0311,20.9714,30.2,80,90,8.15
364,acapulco,MX,16.8634,-99.8901,74.05,80,0,3.09
365,iquitos,PE,-3.7481,-73.2472,78.8,94,75,2.06
366,gawler,AU,-34.6,138.7333,86.76,30,100,6.71
367,walvis bay,NA,-22.9575,14.5053,67.03,88,90,1.54
368,ilhabela,BR,-23.7781,-45.3581,72.39,82,13,1.62
369,comodoro rivadavia,AR,-45.8667,-67.5,69.8,60,0,3.6
370,ust-kuyga,RU,70.0167,135.6,-14.12,81,0,3.36
371,pierre,US,44.3683,-100.351,6.03,51,90,2.06
372,rongcheng,CN,30.634,117.8517,51.37,88,100,0.99
373,aanekoski,FI,62.6946,25.818,-2.09,84,90,1.03
374,birjand,IR,32.8663,59.2211,53.6,17,0,4.12
375,tessalit,ML,20.1986,1.0114,63.59,22,13,4.56
376,san patricio,US,28.017,-97.5169,53.6,94,90,6.17
377,yeppoon,AU,-23.1333,150.7333,84.2,48,75,5.14
378,watsa,CD,3.0372,29.5355,77.52,38,96,0.81
379,santa rosalia,MX,27.3167,-112.2833,55.71,63,0,2.88
380,kloulklubed,PW,7.0419,134.2556,86.0,74,90,4.63
381,imeni poliny osipenko,RU,52.4201,136.4853,10.04,92,13,1.89
382,gizeh,EG,30.0081,31.2109,52.84,87,0,4.12
383,itoman,JP,26.1247,127.6694,63.7,88,75,12.35
384,egvekinot,RU,66.3167,-179.1667,-25.47,81,1,5.09
385,norman wells,CA,65.282,-126.8329,-16.6,76,20,3.09
386,kambove,CD,-10.8764,26.5969,63.19,100,100,0.15
387,alpena,US,45.0617,-83.4327,10.17,67,75,2.06
388,carnot,CF,4.9409,15.8665,64.29,29,47,0.99
389,kentau,KZ,43.5206,68.5094,43.75,82,100,1.8
390,lujan,AR,-34.5703,-59.105,67.39,95,84,0.45
391,sao felix do xingu,BR,-6.6447,-51.995,71.4,96,100,0.18
392,anadyr,RU,64.75,177.4833,-14.8,70,0,3.0
393,pochutla,MX,15.7432,-96.4661,73.0,82,0,1.79
394,itabira,BR,-19.6192,-43.2269,63.59,97,62,0.72
395,ilulissat,GL,69.2167,-51.1,14.0,67,90,6.69
396,college,US,64.8569,-147.8028,-0.81,78,75,0.82
397,shingu,JP,33.7333,135.9833,55.4,38,0,7.2
398,abha,SA,18.2164,42.5053,51.69,76,0,1.47
399,abonnema,NG,4.7084,6.7931,73.4,100,20,1.51
400,chimbote,PE,-9.0853,-78.5783,72.18,76,92,1.85
401,katobu,ID,-4.9408,122.5276,91.9,48,84,2.02
402,labuhan,ID,-6.8844,112.2051,83.05,78,75,3.53
403,aden,YE,12.7794,45.0367,75.88,62,1,2.57
404,luderitz,NA,-26.6481,15.1594,67.57,75,38,3.04
405,kahului,US,20.8947,-156.47,67.96,56,75,5.14
406,tagusao,PH,9.1924,117.8141,82.56,74,41,3.63
407,hovd,MN,48.0056,91.6419,19.02,52,48,1.95
408,portland,US,45.5234,-122.6762,39.83,65,75,2.06
409,catacaos,PE,-5.2667,-80.6833,78.12,66,100,2.84
410,constantine,DZ,36.365,6.6147,42.8,81,20,1.03
411,kathu,TH,7.9178,98.3332,87.8,58,40,4.63
412,waipawa,NZ,-41.4122,175.5153,64.31,63,3,13.38
413,sola,VU,-13.8833,167.55,82.51,76,1,5.22
414,dingle,PH,10.9995,122.6711,84.72,74,30,2.54
415,paragominas,BR,-2.9667,-47.4833,71.47,98,99,1.13
416,maxixe,MZ,-23.8597,35.3472,80.29,78,40,3.09
417,coahuayana,MX,18.7333,-103.6833,66.13,88,3,1.05
418,longyearbyen,SJ,78.2186,15.6401,5.0,66,75,8.75
419,moussoro,TD,13.6408,16.4901,64.65,27,0,4.63
420,tulsipur,NP,28.131,82.2973,69.01,91,0,2.54
421,ust-shonosha,RU,61.1531,41.343,-8.81,89,96,1.81
422,raudeberg,NO,61.9875,5.1352,24.01,57,0,4.5
423,padron,ES,42.7388,-8.6606,55.04,87,100,3.58
424,churapcha,RU,62.0025,132.4325,2.66,93,98,3.15
425,atar,MR,20.5169,-13.0499,62.74,25,0,4.65
426,dandeli,IN,15.2667,74.6167,87.17,17,59,2.04
427,half moon bay,US,37.4636,-122.4286,48.18,93,1,1.78
428,oruro,BO,-17.9833,-67.15,46.09,78,97,0.92
429,daru,PG,-9.0763,143.2092,85.19,74,100,2.53
430,weligama,LK,5.9667,80.4167,83.19,60,34,1.63
431,aripuana,BR,-9.1667,-60.6333,71.65,99,100,0.52
432,chokurdakh,RU,70.6333,147.9167,-14.46,88,30,3.43
433,adrar,MR,20.5022,-10.0711,59.47,26,0,4.24
434,bereznik,RU,62.8551,42.7072,-11.15,88,45,1.82
435,fereydun kenar,IR,36.6864,52.5225,42.8,100,75,4.19
436,bacolod,PH,10.6667,122.95,84.72,69,43,2.05
437,phuket,TH,8.0,98.25,87.8,58,40,4.63
438,angoche,MZ,-16.2325,39.9086,79.9,82,100,4.03
439,alta floresta,BR,-9.8756,-56.0861,70.57,96,100,0.85
440,san policarpo,PH,12.1791,125.5072,82.44,75,7,5.47
441,lompoc,US,34.6391,-120.4579,49.17,87,1,4.56
442,cockburn town,TC,21.4612,-71.1419,76.33,79,2,7.68
443,shelburne,CA,44.0787,-80.2041,14.36,79,90,1.03
444,itamaraca,BR,-7.7478,-34.8256,78.8,73,40,4.12
445,rethimnon,GR,35.3647,24.4714,55.4,62,20,7.14
446,koshurnikovo,RU,54.1667,93.3,-2.69,91,100,4.16
447,manado,ID,1.487,124.8455,86.07,68,35,2.38
448,sarangani,PH,5.4033,125.4636,83.37,77,32,4.55
449,asmara,ER,15.3333,38.9333,54.1,79,72,1.0
450,itarema,BR,-2.9248,-39.9167,77.5,89,79,3.65
451,kupang,ID,-10.1667,123.5833,86.0,79,75,5.14
452,antalaha,MG,-14.9003,50.2788,81.3,73,97,1.43
453,mujiayingzi,CN,42.1167,118.7833,40.48,71,100,3.81
454,zabol,AF,32.25,67.25,49.78,43,0,0.41
455,baykit,RU,61.67,96.37,-8.03,84,98,1.47
456,yumen,CN,40.2833,97.2,40.89,55,77,4.89
457,vetlanda,SE,57.4289,15.0776,16.57,86,100,4.12
458,brae,GB,60.3964,-1.353,33.44,84,14,4.68
459,fairbanks,US,64.8378,-147.7164,-1.75,84,1,0.61
460,omboue,GA,-1.5746,9.2618,78.15,90,89,0.82
461,iskateley,RU,67.6803,53.1512,-21.33,87,25,2.84
462,hofn,IS,64.2539,-15.2082,39.4,72,100,6.51
463,naze,JP,28.3667,129.4833,60.8,88,75,9.77
464,prainha,BR,-1.8,-53.48,73.74,93,96,1.03
465,puerto leguizamo,CO,-0.1934,-74.7819,76.15,75,78,1.08
466,peruibe,BR,-24.32,-46.9983,72.81,87,62,0.77
467,salekhard,RU,66.53,66.6019,-17.75,83,100,1.94
468,gat,IL,31.61,34.7642,52.93,82,0,1.03
469,jiazi,CN,22.8779,116.067,64.87,74,84,2.14
470,verkhnevilyuysk,RU,63.4453,120.3167,-11.56,88,88,1.07
471,berdigestyakh,RU,62.0989,126.6992,-2.36,90,33,2.49
472,yar-sale,RU,66.8333,70.8333,-20.24,86,94,6.82
473,troitsko-pechorsk,RU,62.7084,56.1964,-20.4,87,37,0.98
474,jaciara,BR,-15.9653,-54.9683,69.66,93,75,0.93
475,turayf,SA,31.6725,38.6637,44.6,87,0,2.06
476,sabang,ID,5.8933,95.3214,83.35,70,1,3.81
477,cabedelo,BR,-6.9811,-34.8339,77.0,100,75,3.09
478,bagru,IN,26.8088,75.5423,73.4,31,0,2.06
479,paamiut,GL,61.994,-49.6678,19.71,81,0,2.86
480,lockport,US,41.5895,-88.0578,12.04,57,90,4.63
481,kiruna,SE,67.8557,20.2251,21.2,73,0,4.63
482,abu kamal,SY,34.4506,40.9171,56.73,67,0,5.37
483,ambikapur,IN,23.1167,83.2,81.28,17,78,1.72
484,edgewater,US,28.9889,-80.9023,64.24,94,40,2.93
485,tarakan,ID,3.3,117.6333,78.8,89,75,2.57
486,trelleborg,SE,55.3751,13.1569,17.83,79,0,4.63
487,axim,GH,4.8699,-2.2405,79.68,86,53,3.35
488,kwinana,AU,-32.25,115.7667,76.64,36,0,3.6
489,padang,ID,-0.9492,100.3543,86.0,66,20,1.54
490,ambon,ID,-3.6954,128.1814,93.2,59,40,2.57
491,narsaq,GL,60.9167,-46.05,33.8,27,20,13.89
492,haines junction,CA,60.7522,-137.5108,-31.0,68,0,0.8
493,san carlos de bariloche,AR,-41.1456,-71.3082,71.6,40,20,3.09
494,araouane,ML,18.9048,-3.5265,64.09,22,33,5.02
495,liyang,CN,29.7057,118.2862,51.75,87,100,1.43
496,port lincoln,AU,-34.7333,135.8667,68.97,76,100,5.17
497,saraza,PH,8.7356,117.78,83.66,70,41,1.43
498,charters towers,AU,-20.1,146.2667,84.83,61,68,4.89
499,mount isa,AU,-20.7333,139.5,98.6,34,75,5.66
500,darnah,LY,32.767,22.6367,62.19,34,0,11.9
501,ayr,GB,55.4627,-4.6339,24.28,80,0,4.63
502,oistins,BB,13.0667,-59.5333,76.03,78,14,8.15
503,burla,IN,21.5,83.8667,82.04,20,22,1.17
504,rabo de peixe,PT,37.8,-25.5833,58.44,72,40,11.83
505,malanje,AO,-9.5402,16.341,65.08,90,100,3.19
506,havre,FR,49.5833,0.3333,23.94,74,0,5.14
507,suluova,TR,40.8313,35.6479,35.6,87,0,1.03
508,grand gaube,MU,-20.0064,57.6608,84.99,63,68,5.36
509,hays,US,30.0502,-98.0336,34.88,96,100,2.24
510,puerto escondido,MX,15.85,-97.0667,76.33,74,0,3.12
511,aquiraz,BR,-3.9014,-38.3911,82.4,83,40,4.63
512,hay river,CA,60.8156,-115.7999,-20.2,76,63,1.54
513,maanshan,CN,31.6957,118.4983,54.32,100,90,5.0
514,black river,JM,18.0264,-77.8487,75.83,78,20,1.03
515,byron bay,AU,-28.65,153.6167,75.06,57,75,4.63
516,avera,US,33.194,-82.5271,60.3,97,90,1.74
517,buchanan,LR,5.8808,-10.0467,77.0,94,40,2.23
518,kuusamo,FI,65.9667,29.1833,-9.4,84,0,2.57
519,viedma,AR,-40.8135,-62.9967,64.99,85,22,6.98
520,belmonte,BR,-15.8631,-38.8828,71.6,94,0,1.54
521,kollo,NE,13.3043,2.339,69.8,21,0,3.09
522,phalombe,MW,-15.8064,35.6507,72.48,92,100,0.65
523,bosaso,SO,11.2842,49.1816,76.21,62,33,2.26
524,tiarei,PF,-17.5333,-149.3333,80.6,61,75,4.63
525,san cristobal,VE,7.7669,-72.225,64.8,87,55,0.95
526,ejido,VE,8.5514,-71.2375,65.66,65,62,0.3
527,ndjole,GA,-0.1783,10.7649,76.64,93,99,0.52
528,gualan,GT,15.1333,-89.3667,71.56,84,51,0.67
529,sawai madhopur,IN,25.9833,76.3667,77.11,27,1,0.75
530,krasnyy chikoy,RU,50.3643,108.7512,17.11,89,99,4.88
531,kiama,AU,-34.6833,150.8667,77.61,69,2,6.26
532,vytegra,RU,61.0064,36.4481,-5.13,90,100,1.7
533,hami,CN,42.8,93.45,40.03,56,79,2.88
534,orbetello,IT,42.4408,11.2196,42.35,87,0,1.03
535,lima,PE,-12.0432,-77.0282,74.41,69,0,3.09
536,berlevag,NO,70.8578,29.0864,17.6,73,20,4.12
537,gazojak,TM,41.1875,61.4036,41.74,72,23,5.02
538,sam roi yot,TH,12.2708,99.872,84.2,65,20,5.14
539,banikoara,BJ,11.2985,2.4386,68.68,23,20,1.98
540,lavrentiya,RU,65.5833,-171.0,-27.24,79,0,4.31
541,palauig,PH,15.435,119.9045,81.23,76,39,4.18
542,dhaulpur,IN,26.7,77.9,78.26,33,0,0.7
543,bloemfontein,ZA,-29.1211,26.214,68.0,83,0,1.54
544,alyangula,AU,-13.8483,136.4192,84.2,84,100,2.06
545,richards bay,ZA,-28.783,32.0377,80.22,67,98,1.72
546,maku,IR,39.2911,44.4521,39.67,65,15,2.44
547,isangel,VU,-19.55,169.2667,82.04,70,53,3.58
548,ostrovnoy,RU,68.0531,39.5131,0.9,92,52,5.76
549,mirabela,BR,-16.2628,-44.1644,71.6,83,0,2.03
550,batemans bay,AU,-35.7167,150.1833,77.72,75,1,3.58
551,klaksvik,FO,62.2266,-6.589,30.2,80,75,0.51
552,balabac,PH,7.9868,117.0645,83.3,72,21,4.81
553,mangaluru,IN,12.8667,74.8833,82.4,54,84,3.09
554,boden,SE,65.8252,21.6886,1.4,85,40,1.46
555,dahuk,IQ,36.8695,42.994,53.96,48,0,1.53
556,szczecinek,PL,53.7079,16.6994,15.01,91,42,2.39
557,buluang,PH,13.3068,123.3425,84.29,71,6,2.44
558,derzhavinsk,KZ,51.1,66.3167,0.48,92,91,3.8
