,City,Country,Latitude,Longitude,Temperature,Humidity,Cloudiness,Windspeed
0,arraial do cabo,BR,-22.9661,-42.0278,84.2,70,0,5.66
1,lorengau,PG,-2.0226,147.2712,80.89,81,100,5.5
2,jamestown,US,42.097,-79.2353,16.38,79,1,3.6
3,ternate,ID,0.8,127.4,82.17,80,68,1.97
4,bengkulu,ID,-3.8004,102.2655,78.98,83,99,1.02
5,kodiak,US,57.79,-152.4072,35.6,87,90,15.43
6,makokou,GA,0.5738,12.8642,87.8,62,40,2.06
7,guayaramerin,BO,-10.8368,-65.3614,75.2,88,75,0.51
8,bluff,NZ,-46.6,168.3333,53.24,75,85,6.88
9,ushuaia,AR,-54.8,-68.3,57.2,77,75,2.57
10,plettenberg bay,ZA,-34.0527,23.3716,77.29,74,100,3.73
11,kapaa,US,22.0752,-159.319,66.79,60,75,4.63
12,port-gentil,GA,-0.7193,8.7815,87.8,74,40,6.69
13,tuatapere,NZ,-46.1333,167.6833,43.41,86,5,1.59
14,vostok,RU,46.4856,135.8833,5.34,92,0,1.87
15,atuona,PF,-9.8,-139.0333,78.06,77,2,6.7
16,ahipara,NZ,-35.1667,173.1667,60.66,72,8,4.18
17,lillooet,CA,50.6856,-121.942,-8.3,55,1,3.6
18,rio gallegos,AR,-51.6226,-69.2181,64.4,59,75,8.23
19,gushikawa,JP,26.3544,127.8686,61.72,88,90,11.32
20,petropavl,KZ,54.8753,69.1628,-15.02,87,97,2.22
21,sibu,MY,2.3,111.8167,78.31,89,40,1.03
22,rawson,AR,-43.3002,-65.1023,82.56,30,15,12.56
23,castro,BR,-24.7911,-50.0119,68.23,88,100,2.51
24,sechura,PE,-5.5569,-80.8222,75.96,74,92,3.14
25,vestmannaeyjar,IS,63.4427,-20.2734,39.2,81,20,12.35
26,new norfolk,AU,-42.7826,147.0587,60.8,80,100,1.5
27,punta arenas,CL,-53.15,-70.9167,59.0,44,0,9.77
28,qaanaaq,GL,77.484,-69.3632,4.33,71,0,9.76
29,baruun-urt,MN,46.6806,113.2792,12.13,91,0,5.37
30,east london,ZA,-33.0153,27.9116,80.6,78,20,7.2
31,ugoofaaru,MV,5.6667,73.0,81.18,64,2,3.37
32,rikitea,PF,-23.1203,-134.9692,78.12,75,100,4.15
33,butaritari,KI,3.0707,172.7902,81.0,79,50,6.32
34,georgetown,MY,5.4112,100.3354,83.64,79,20,2.06
35,hobart,AU,-42.8794,147.3294,62.37,88,90,2.57
36,guanica,PR,17.9716,-66.908,81.39,47,0,0.45
37,taoudenni,ML,22.6783,-3.9836,87.19,10,0,5.85
38,busselton,AU,-33.65,115.3333,56.23,78,0,6.29
39,tiksi,RU,71.6872,128.8694,-13.68,87,13,2.8
40,ketchikan,US,55.3422,-131.6461,20.12,32,1,3.09
41,soyo,AO,-6.1349,12.3689,86.0,74,75,4.12
42,genhe,CN,50.7833,121.5167,14.4,95,100,2.39
43,yellowknife,CA,62.456,-114.3525,-5.8,77,90,7.2
44,luderitz,NA,-26.6481,15.1594,70.72,71,3,3.44
45,manzanillo,CU,20.3433,-77.1167,76.68,64,1,3.46
46,loikaw,MM,19.6742,97.2094,64.18,45,0,1.65
47,richards bay,ZA,-28.783,32.0377,82.56,69,80,4.11
48,ossora,RU,59.2353,163.0719,-5.42,84,5,2.7
49,cape town,ZA,-33.9258,18.4232,77.83,61,0,10.29
50,port elizabeth,ZA,-33.918,25.5701,80.6,74,0,5.14
51,sao joao da barra,BR,-21.6403,-41.0511,86.0,62,40,2.06
52,carnarvon,AU,-24.8667,113.6333,75.2,88,0,10.29
53,hilo,US,19.7297,-155.09,64.69,77,90,1.54
54,puerto ayora,EC,-0.7393,-90.3518,75.0,100,93,0.89
55,le port,RE,-20.9373,55.2919,73.42,57,90,6.69
56,upernavik,GL,72.7868,-56.1549,2.53,84,100,6.16
57,saint-philippe,RE,-21.3585,55.7679,78.58,61,0,12.35
58,mataura,NZ,-46.1927,168.8643,42.49,93,0,1.24
59,thompson,CA,55.7435,-97.8558,-43.6,66,75,1.03
60,vaini,TO,-21.2,-175.2,77.0,100,20,1.54
61,big rapids,US,43.6981,-85.4837,-7.6,92,1,2.12
62,ilulissat,GL,69.2167,-51.1,12.2,67,90,8.75
63,katsuura,JP,35.1333,140.3,47.59,49,0,4.12
64,poshekhonye,RU,58.4993,39.1353,5.05,95,100,1.32
65,port alfred,ZA,-33.5906,26.891,78.01,87,84,3.58
66,lompoc,US,34.6391,-120.4579,47.21,100,90,2.64
67,sao jose da coroa grande,BR,-8.8978,-35.1478,82.2,72,51,5.59
68,lebu,CL,-37.6167,-73.65,63.37,79,79,5.27
69,hella,NO,67.2,14.4333,26.85,93,75,7.72
70,sao desiderio,BR,-12.3633,-44.9733,83.7,59,52,2.63
71,aitape,PG,-3.1374,142.3475,79.66,81,100,2.3
72,khatanga,RU,71.9667,102.5,-22.79,85,85,1.78
73,asau,RO,46.4333,26.4,33.01,68,100,2.27
74,tagusao,PH,9.1924,117.8141,79.59,76,10,0.97
75,biltine,TD,14.5333,20.9167,91.8,11,0,1.53
76,hermanus,ZA,-34.4187,19.2345,88.0,56,0,0.45
77,bredasdorp,ZA,-34.5322,20.0403,77.0,65,6,4.63
78,avarua,CK,-21.2078,-159.775,77.0,83,98,1.54
79,porto walter,BR,-8.2686,-72.7439,77.25,95,100,1.25
80,cabinda,AO,-5.55,12.2,86.0,74,75,4.12
81,tucurui,BR,-3.7661,-49.6725,80.31,80,100,1.18
82,derzhavinsk,KZ,51.1,66.3167,5.5,93,100,3.25
83,mount isa,AU,-20.7333,139.5,86.0,58,53,1.54
84,esperance,AU,-33.8667,121.9,59.0,67,75,2.06
85,hami,CN,42.8,93.45,33.28,76,100,0.38
86,albany,US,42.6001,-73.9662,21.29,55,98,4.47
87,bandarbeyla,SO,9.4942,50.8122,76.21,67,55,7.58
88,springbok,ZA,-29.6643,17.8865,78.57,50,94,3.35
89,hithadhoo,MV,-0.6,73.0833,81.48,79,20,4.8
90,nome,US,64.5011,-165.4064,-9.4,45,1,3.21
91,san quintin,MX,30.4833,-115.95,52.92,88,3,2.16
92,barrow,US,71.2906,-156.7887,-45.4,82,1,4.63
93,bethel,US,41.3712,-73.414,22.55,79,90,2.06
94,bukene,TZ,-4.2333,32.8833,73.13,83,98,1.96
95,naze,JP,28.3667,129.4833,56.03,93,100,13.21
96,tasiilaq,GL,65.6145,-37.6368,14.0,52,40,6.17
97,kismayo,SO,-0.3582,42.5454,80.28,72,100,9.16
98,kavieng,PG,-2.5744,150.7967,80.11,81,100,2.32
99,iqaluit,CA,63.7506,-68.5145,1.2,78,20,7.2
100,balkhash,KZ,46.844,74.9804,6.04,88,82,3.84
101,west wendover,US,40.7391,-114.0733,35.6,60,20,1.63
102,portland,US,45.5234,-122.6762,34.11,80,90,3.6
103,bahia de caraquez,EC,-0.6,-80.4167,77.0,88,75,1.54
104,korla,CN,41.7597,86.1469,36.14,72,100,2.09
105,tanabe,JP,33.7333,135.3667,44.92,62,100,2.49
106,mar del plata,AR,-38.0023,-57.5575,69.26,88,75,7.2
107,bahia honda,CU,22.9036,-83.1592,75.33,81,23,5.28
108,praia da vitoria,PT,38.7333,-27.0667,62.35,72,40,11.86
109,camden,US,39.7835,-74.9663,28.98,74,100,0.45
110,saint-pierre,RE,-21.3393,55.4781,79.83,61,0,12.35
111,porbandar,IN,21.6422,69.6093,73.67,56,72,5.24
112,juneau,US,58.3019,-134.4197,19.4,32,1,10.8
113,ostrovnoy,RU,68.0531,39.5131,9.77,94,98,3.93
114,laguna,US,38.421,-121.4238,47.7,76,1,2.06
115,conde,BR,-7.2597,-34.9075,86.0,66,75,7.2
116,victoria,HK,22.2855,114.1577,61.05,71,38,0.89
117,namibe,AO,-15.1961,12.1522,84.2,54,20,7.2
118,charcas,MX,23.1333,-101.1167,51.46,42,0,0.8
119,nanortalik,GL,60.1432,-45.2371,27.34,90,100,5.77
120,jardim,BR,-21.4803,-56.1381,82.11,64,100,0.29
121,svetlaya,RU,46.5389,138.3297,19.02,87,0,2.52
122,dikson,RU,73.5069,80.5464,-21.15,88,100,1.79
123,souillac,MU,-20.5167,57.5167,84.2,61,75,5.66
124,karatuzskoye,RU,53.6072,92.8667,-15.99,85,36,0.99
125,pokhara,NP,28.2333,83.9833,57.29,62,5,1.2
126,scottsbluff,US,41.8666,-103.6672,5.0,85,90,6.69
127,nizhniy odes,RU,63.6445,54.856,-17.12,88,37,1.13
128,maceio,BR,-9.6658,-35.7353,84.2,70,75,6.17
129,saldanha,ZA,-33.0117,17.9442,84.2,42,0,7.72
130,along,IN,28.1667,94.7667,58.87,48,0,0.93
131,lodja,CD,-3.4833,23.4333,93.34,41,100,1.37
132,kristiansund,NO,63.1115,7.732,26.6,46,0,2.06
133,hualmay,PE,-11.0964,-77.6139,76.26,62,100,2.42
134,saint george,US,37.1041,-113.5841,39.2,56,1,0.46
135,adre,TD,13.4667,22.2,87.76,12,0,0.8
136,pevek,RU,69.7008,170.3133,-20.9,79,0,0.82
137,kuryk,KZ,43.2,51.65,51.6,57,56,3.5
138,saint anthony,US,45.0205,-93.218,-8.97,64,90,3.09
139,champerico,GT,14.3,-91.9167,73.4,83,0,1.75
140,formosa,AR,-26.1775,-58.1781,78.8,69,40,2.06
141,monrovia,LR,6.3005,-10.7969,89.6,66,75,2.57
142,inhambane,MZ,-23.865,35.3833,82.18,78,75,9.26
143,shimoda,JP,34.6667,138.95,42.01,70,100,3.52
144,kaminskiy,RU,57.1516,41.4732,6.66,95,100,2.34
145,riyadh,SA,24.6877,46.7219,77.0,9,0,3.6
146,cherskiy,RU,68.75,161.3,-21.37,88,0,0.63
147,touros,BR,-5.1989,-35.4608,89.6,55,75,8.23
148,yar-sale,RU,66.8333,70.8333,-15.83,87,100,5.96
149,omaruru,NA,-21.4333,15.9333,77.22,61,99,3.82
150,nsanje,MW,-16.92,35.262,88.18,69,78,2.41
151,airai,TL,-8.9266,125.4092,62.8,100,100,0.24
152,coquimbo,CL,-29.9533,-71.3436,66.2,72,90,4.63
153,kysyl-syr,RU,63.8986,122.7617,-17.79,88,43,1.5
154,kinablangan,PH,7.6947,126.5503,80.29,79,82,1.12
155,geraldton,AU,-28.7667,114.6,69.8,68,0,9.26
156,mitsamiouli,KM,-11.3847,43.2844,82.36,75,100,7.48
157,fortuna,US,40.5982,-124.1573,44.51,100,1,2.4
158,tysmenytsya,UA,48.9022,24.8448,23.49,86,75,7.0
159,verkh-usugli,RU,52.7,115.1667,13.53,95,100,4.23
160,kudahuvadhoo,MV,2.6708,72.8944,81.14,73,10,6.76
161,muroto,JP,33.2833,134.15,53.38,57,100,2.61
162,estepona,ES,36.4276,-5.1459,65.57,63,75,5.66
163,namatanai,PG,-3.6667,152.4333,76.6,93,100,1.6
164,maumere,ID,-8.6199,122.2111,80.6,80,99,0.04
165,ponta do sol,PT,32.6667,-17.1,63.54,68,20,2.06
166,srednekolymsk,RU,67.45,153.6833,-20.18,88,59,2.29
167,nushki,PK,29.5542,66.0215,62.78,27,97,1.31
168,wajid,SO,3.8093,43.2471,96.44,20,100,5.92
169,sayyan,YE,15.1718,44.3244,63.25,29,0,2.48
170,jurm,AF,36.8648,70.8342,37.06,66,0,1.92
171,alpena,US,45.0617,-83.4327,5.58,78,75,2.83
172,meulaboh,ID,4.1363,96.1285,81.52,75,79,0.6
173,citrus park,US,28.0784,-82.5698,67.8,98,0,0.89
174,norsup,VU,-16.0667,167.3833,79.65,78,0,1.46
175,brusyanskiy,RU,53.9923,38.0937,5.29,95,99,2.4
176,north bend,US,43.4065,-124.2243,42.03,87,75,2.57
177,saint-joseph,RE,-21.3667,55.6167,78.73,61,0,12.35
178,zhigansk,RU,66.7697,123.3711,-10.23,90,100,2.09
179,coahuayana,MX,18.7333,-103.6833,62.6,82,1,1.01
180,nouadhibou,MR,20.931,-17.0347,80.6,29,0,6.17
181,sorland,NO,67.667,12.6934,35.6,80,90,7.72
182,peniche,PT,39.3558,-9.3811,62.37,89,100,8.05
183,veraval,IN,20.9,70.3667,73.72,62,100,2.62
184,apatou,GF,5.155,-54.3472,79.16,83,85,2.06
185,kondopoga,RU,62.2057,34.2614,5.0,78,75,1.0
186,hohhot,CN,40.8106,111.6522,23.0,58,0,3.0
187,waipawa,NZ,-41.4122,175.5153,55.96,77,0,3.6
188,provideniya,RU,64.3833,-173.3,-16.29,82,0,7.08
189,mahebourg,MU,-20.4081,57.7,84.2,61,75,5.66
190,ancud,CL,-41.8697,-73.8203,62.24,77,75,3.09
191,maningrida,AU,-12.0667,134.2667,81.09,78,100,3.29
192,loukhi,RU,66.0764,33.0381,0.27,94,92,1.57
193,ribeira brava,PT,32.65,-17.0667,63.5,68,20,2.06
194,tiarei,PF,-17.5333,-149.3333,75.2,69,75,5.14
195,clyde river,CA,70.4692,-68.5914,10.4,92,0,19.14
196,gizo,SB,-8.103,156.8419,82.54,79,100,5.76
197,wanlaweyn,SO,2.6185,44.8938,95.74,26,70,6.11
198,norman wells,CA,65.282,-126.8329,-9.4,84,20,5.66
199,xining,CN,36.6167,101.7667,33.93,73,0,1.25
200,neuquen,AR,-38.9516,-68.0591,75.2,57,0,5.14
201,itarema,BR,-2.9248,-39.9167,86.34,66,11,6.34
202,coihueco,CL,-36.6167,-71.8333,62.6,94,90,0.51
203,saint-augustin,CA,51.226,-58.6502,32.94,92,100,5.61
204,malanje,AO,-9.5402,16.341,79.92,59,0,3.94
205,padang,ID,-0.9492,100.3543,77.0,88,20,1.54
206,vilyuysk,RU,63.7553,121.6247,-21.71,88,60,0.82
207,cartagena,CO,10.3997,-75.5144,84.2,79,40,1.54
208,chokurdakh,RU,70.6333,147.9167,-16.08,88,0,2.99
209,nikolskoye,RU,59.7035,30.7861,9.48,79,75,3.0
210,sitka,US,57.0531,-135.33,24.8,33,1,3.09
211,bambous virieux,MU,-20.3428,57.7575,83.62,61,75,5.66
212,chute-aux-outardes,CA,49.1168,-68.399,3.2,51,90,3.6
213,longyearbyen,SJ,78.2186,15.6401,1.4,71,75,5.66
214,kaeo,NZ,-35.1,173.7833,62.01,77,12,2.68
215,severo-kurilsk,RU,50.6789,156.125,29.88,92,100,6.73
216,wilmington,US,34.2257,-77.9447,51.17,93,90,2.06
217,te anau,NZ,-45.4167,167.7167,41.59,86,1,0.29
218,chuy,UY,-33.6971,-53.4616,73.33,86,99,6.8
219,lasa,IT,46.6166,10.7002,39.02,31,20,3.6
220,lazaro cardenas,MX,17.9583,-102.2,69.89,85,34,2.71
221,kuusamo,FI,65.9667,29.1833,6.8,85,90,2.57
222,goroka,PG,-6.0834,145.3873,62.65,88,100,0.25
223,pacific grove,US,36.6177,-121.9166,47.77,93,90,1.54
224,glendive,US,47.1053,-104.7125,-16.8,69,90,2.57
225,half moon bay,US,37.4636,-122.4286,46.26,87,1,0.35
226,saskylakh,RU,71.9167,114.0833,-18.72,85,65,1.27
227,grand baie,MU,-20.0182,57.5802,82.99,62,83,4.47
228,torbay,CA,47.6666,-52.7314,18.55,86,90,17.49
229,imeni poliny osipenko,RU,52.4201,136.4853,-0.26,91,0,1.29
230,mehamn,NO,71.0357,27.8492,23.04,68,75,7.2
231,mochudi,BW,-24.4167,26.15,84.2,45,40,2.06
232,leh,IN,34.1667,77.5833,13.48,61,0,0.77
233,najran,SA,17.4924,44.1277,78.8,25,0,5.14
234,sao filipe,CV,14.8961,-24.4956,74.3,63,0,3.41
235,evensk,RU,61.95,159.2333,3.83,86,0,2.66
236,skibbereen,IE,51.55,-9.2667,33.8,93,75,12.35
237,yarkovo,RU,57.4028,67.0786,-13.5,89,10,2.14
238,kadyy,RU,57.787,43.1903,5.83,94,100,2.62
239,hasaki,JP,35.7333,140.8333,39.69,56,0,1.03
240,mount gambier,AU,-37.8333,140.7667,62.6,82,90,7.2
241,batie,BF,9.8833,-2.9167,102.63,7,51,2.81
242,brae,GB,60.3964,-1.353,37.4,52,40,3.6
243,morro bay,US,35.3658,-120.8499,48.38,93,1,2.06
244,inirida,CO,3.8653,-67.9239,78.46,85,99,1.5
245,calvinia,ZA,-31.4707,19.776,82.18,34,100,0.76
246,nikolayevka,RU,53.1257,47.2041,13.21,95,100,3.23
247,izhma,RU,65.0083,53.9113,-12.48,89,88,1.67
248,melfi,IT,40.9965,15.6514,51.85,76,75,6.69
249,owando,CG,-0.4819,15.8999,93.04,40,81,1.35
250,nishihara,JP,26.1842,127.7558,62.01,88,90,11.83
251,ibra,OM,22.6906,58.5334,79.9,17,0,4.79
252,cap malheureux,MU,-19.9842,57.6142,82.99,62,85,4.47
253,vila franca do campo,PT,37.7167,-25.4333,60.8,77,20,7.2
254,ribeira grande,PT,38.5167,-28.7,62.6,72,40,12.35
255,lobito,AO,-12.3481,13.5456,82.06,64,100,4.36
256,palmer,US,42.1584,-72.3287,21.25,86,75,1.39
257,matara,LK,5.9485,80.5353,76.37,80,55,1.23
258,phuket,TH,8.0,98.25,82.4,78,40,2.57
259,goderich,CA,43.7501,-81.7165,17.6,79,94,2.57
260,linxia,CN,35.6003,103.2064,38.75,65,0,0.48
261,vao,NC,-22.6667,167.4833,76.14,83,0,4.2
262,leeuwarden,NL,53.2014,5.8086,32.68,64,90,1.54
263,klyuchi,RU,52.2667,79.1667,-21.86,85,23,1.75
264,maroantsetra,MG,-15.4333,49.7333,81.25,81,100,3.83
265,raudeberg,NO,61.9875,5.1352,24.01,48,0,2.79
266,beisfjord,NO,68.3751,17.5988,28.4,86,75,2.57
267,puerto leguizamo,CO,-0.1934,-74.7819,83.66,60,100,3.08
268,isla mujeres,MX,21.2311,-86.731,80.15,74,40,5.66
269,taltal,CL,-25.4,-70.4833,70.36,59,14,2.95
270,nagod,IN,24.5667,80.6,68.7,24,79,2.55
271,mwinilunga,ZM,-11.7358,24.4293,73.9,81,100,1.02
272,sabang,ID,5.8933,95.3214,83.93,66,1,1.19
273,puteyets,RU,65.1716,57.091,-18.53,88,87,1.92
274,prieska,ZA,-29.6641,22.7474,90.52,30,100,3.21
275,caluquembe,AO,-13.7833,14.6833,79.59,28,100,5.21
276,valavanur,IN,11.9209,79.5824,71.82,64,100,3.65
277,biak,ID,-0.9131,122.8766,78.26,84,68,1.73
278,port moresby,PG,-9.4431,147.1797,77.0,94,40,2.57
279,san pedro,PH,14.35,121.0167,80.51,83,75,2.06
280,los llanos de aridane,ES,28.6585,-17.9182,63.72,73,75,3.09
281,tuktoyaktuk,CA,69.4541,-133.0374,-5.3,88,57,7.42
282,kaura namoda,NG,12.5898,6.5779,95.92,9,26,4.45
283,santa lucia,ES,27.9117,-15.5407,68.61,64,75,6.69
284,cabo san lucas,MX,22.8909,-109.9124,59.0,67,40,6.69
285,alofi,NU,-19.0595,-169.9187,75.2,94,100,1.03
286,udachnyy,RU,66.4167,112.4,-22.95,85,0,1.15
287,tilichiki,RU,60.4667,166.1,-18.99,86,0,4.91
288,faya,SA,18.3851,42.4509,68.77,52,40,3.09
289,westport,US,41.1415,-73.3579,24.8,80,90,2.06
290,caravelas,BR,-17.7125,-39.2481,84.76,61,46,3.32
291,ayolas,PY,-27.4,-56.9,80.47,63,46,0.48
292,beloha,MG,-25.1667,45.05,77.94,72,100,3.43
293,hambantota,LK,6.1241,81.1185,80.6,74,20,2.57
294,chapais,CA,49.7834,-74.8492,-13.0,77,90,4.12
295,pangkalanbuun,ID,-2.6833,111.6167,77.34,87,100,1.32
296,northam,GB,51.0333,-4.2167,35.98,70,100,4.47
297,mecca,SA,21.4267,39.8261,87.08,28,0,5.72
298,barabai,ID,-2.5833,115.3833,76.35,90,98,1.17
299,bogdanita,RO,46.45,27.6833,35.82,87,90,6.69
300,pudozh,RU,61.8099,36.5345,-1.03,92,100,1.18
301,jadu,LY,31.953,12.0261,61.18,44,0,3.7
302,awbari,LY,26.5921,12.7805,81.19,14,0,3.64
303,pangody,RU,65.85,74.4859,-23.06,87,100,4.25
304,ixtapa,MX,20.7,-105.2,68.0,88,90,1.54
305,samarai,PG,-10.6167,150.6667,82.04,75,90,3.0
306,dahuk,IQ,36.8695,42.994,59.63,50,0,1.61
307,tautira,PF,-17.7333,-149.15,75.2,69,75,5.14
308,rio grande,BR,-32.035,-52.0986,79.79,74,75,7.2
309,lircay,PE,-12.9896,-74.7205,57.2,82,75,1.75
310,macau,MO,22.2006,113.5461,60.55,88,20,3.6
311,maniitsoq,GL,65.4167,-52.9,11.35,91,88,3.82
312,havre-saint-pierre,CA,50.2334,-63.5986,5.0,85,90,7.72
313,keita,NE,14.7551,5.7749,93.2,4,0,3.09
314,yuanping,CN,38.7153,112.7575,40.17,66,0,1.8
315,upington,ZA,-28.4478,21.2561,89.6,40,40,1.03
316,kautokeino,NO,69.0125,23.0412,14.63,90,100,1.85
317,dax,FR,43.75,-1.1667,60.8,55,75,1.54
318,changping,CN,40.2186,116.2197,41.29,80,99,2.0
319,banda aceh,ID,5.5577,95.3222,80.91,73,40,1.22
320,galle,LK,6.0367,80.217,76.71,81,26,0.57
321,matamoros,MX,25.5333,-103.25,53.65,41,1,1.59
322,aguimes,ES,27.9054,-15.4461,68.86,64,75,6.69
323,khovu-aksy,RU,51.1333,93.6,-3.8,87,100,0.63
324,atar,MR,20.5169,-13.0499,89.22,9,2,5.17
325,labuhan,ID,-6.8844,112.2051,78.94,86,100,2.74
326,flinders,AU,-34.5833,150.8552,68.43,83,87,0.45
327,krasnoselkup,RU,65.7,82.4667,-29.24,85,35,2.91
328,burns lake,CA,54.2331,-125.7533,-32.8,68,37,1.03
329,margate,GB,51.3813,1.3862,33.42,58,11,0.89
330,kattivakkam,IN,13.2167,80.3167,77.0,53,20,3.6
331,ola,RU,59.5833,151.2833,12.67,87,98,3.83
332,virginia beach,US,36.8529,-75.978,41.02,91,99,0.89
333,bohodukhiv,UA,50.1647,35.5276,30.11,93,90,5.0
334,lagoa,PT,39.05,-27.9833,59.32,74,36,13.31
335,deputatskiy,RU,69.3,139.9,-16.04,86,63,1.01
336,curup,ID,-3.4667,102.5333,69.87,94,100,0.39
337,misratah,LY,32.3754,15.0925,63.36,56,0,7.52
338,buin,CL,-33.7333,-70.75,66.29,77,75,2.06
339,faanui,PF,-16.4833,-151.75,81.55,68,0,5.96
340,kowary,PL,50.7931,15.8356,12.2,84,100,17.88
341,pirgos,GR,35.1167,25.7178,69.01,66,10,6.0
342,yerbogachen,RU,61.2767,108.0108,-15.65,88,58,1.16
343,wanning,CN,18.8003,110.3967,63.41,85,1,3.24
344,baghdad,IQ,33.3406,44.4009,71.6,49,0,4.63
345,imbituba,BR,-28.24,-48.6703,78.8,73,75,2.06
346,rudnyy,KZ,52.9594,63.1206,3.2,85,90,4.0
347,pozo colorado,PY,-23.4923,-58.7972,84.9,48,100,1.61
348,vardo,NO,70.3705,31.1107,14.0,92,0,7.2
349,lake wales,US,27.9014,-81.5859,70.32,100,20,1.54
350,huadian,CN,42.9633,126.7478,24.6,90,0,1.11
351,lavrentiya,RU,65.5833,-171.0,-25.71,80,0,3.89
352,tromso,NO,69.6496,18.957,26.28,74,40,7.2
353,sindgi,IN,16.9167,76.2333,79.61,20,0,4.39
354,ashtabula,US,41.7001,-80.7665,19.29,68,1,3.28
355,qaqortoq,GL,60.7167,-46.0333,33.8,27,75,16.46
356,husavik,IS,66.0449,-17.3389,30.2,80,0,2.57
357,oranjemund,NA,-28.55,16.4333,71.24,73,88,4.89
358,qandala,SO,11.472,49.8728,76.82,55,91,3.03
359,kavaratti,IN,10.5669,72.642,82.51,57,0,2.97
360,minna,NG,9.6139,6.5569,100.4,12,0,2.06
361,broome,US,42.2506,-75.833,18.46,86,90,1.51
362,turukhansk,RU,65.8167,87.9833,-21.39,86,98,1.82
363,tigzirt,DZ,36.8886,4.1198,63.37,68,0,4.25
364,san patricio,US,28.017,-97.5169,43.99,100,90,7.72
365,cidreira,BR,-30.1811,-50.2056,77.09,69,61,6.22
366,aliwal north,ZA,-30.6937,26.7114,90.99,19,76,0.66
367,ratlam,IN,23.3167,75.0667,73.36,22,100,1.28
368,petranka,UA,48.9025,24.3035,23.49,86,75,7.0
369,ust-kulom,RU,61.6864,53.6902,-13.59,88,86,1.03
370,saint-paul,RE,-21.0096,55.2707,73.31,57,90,6.69
371,nipawin,CA,53.3668,-104.0009,-34.6,74,1,3.09
372,pyinmana,MM,19.7333,96.2167,71.92,36,0,1.55
373,general pico,AR,-35.6566,-63.7568,78.08,44,0,4.24
374,nanakuli,US,21.3906,-158.1547,59.47,82,1,3.91
375,egvekinot,RU,66.3167,-179.1667,-24.65,84,1,4.76
376,xuddur,SO,4.1213,43.8894,92.52,22,97,6.55
377,blagoyevo,RU,63.3667,47.9167,-6.54,89,100,1.23
378,russell,US,32.3502,-85.1999,59.0,94,90,1.52
379,constitucion,CL,-35.3333,-72.4167,63.52,81,98,2.41
380,hargeysa,SO,9.56,44.065,72.82,33,94,7.4
381,san cristobal,VE,7.7669,-72.225,77.0,69,75,1.54
382,braganca,BR,-1.0536,-46.7656,87.58,61,100,2.99
383,rawlins,US,41.7911,-107.2387,27.68,63,1,8.23
384,pyapon,MM,16.2833,95.6833,69.66,66,8,2.98
385,katherine,AU,-14.4667,132.2667,82.4,78,90,2.06
386,gondanglegi,ID,-7.7479,112.0132,75.45,90,100,2.04
387,coihaique,CL,-45.5752,-72.0662,68.0,56,40,4.12
388,port hardy,CA,50.6996,-127.4199,30.49,64,1,11.83
389,bambanglipuro,ID,-7.95,110.2833,78.66,78,100,2.24
390,mokhsogollokh,RU,61.4681,128.9203,-11.96,90,53,0.99
391,grevenmacher,LU,49.6747,6.4419,28.53,54,40,5.66
392,thunder bay,CA,48.4001,-89.3168,-22.99,75,1,2.06
393,tiznit,MA,29.5833,-9.5,67.91,49,0,2.37
394,harper,LR,4.375,-7.7169,83.41,78,42,3.49
395,ulaangom,MN,49.9811,92.0667,-0.04,77,76,1.71
396,zheleznodorozhnyy,RU,55.7503,38.0042,10.4,79,20,1.0
397,tabou,CI,4.423,-7.3528,83.16,79,73,3.44
398,cukai,MY,4.25,103.4167,80.29,83,1,2.06
399,poum,NC,-20.2333,164.0167,78.8,74,0,5.76
400,yarada,IN,17.65,83.2667,77.0,73,81,1.03
401,vestmanna,FO,62.1564,-7.1664,35.6,87,20,3.09
402,apac,UG,1.9756,32.5386,85.03,35,100,3.94
403,port-cartier,CA,50.0334,-66.8654,5.5,78,90,4.63
404,komsomolskiy,UZ,40.4272,71.7189,55.4,54,0,1.03
405,kaitangata,NZ,-46.2817,169.8464,51.01,75,2,1.79
406,molochnoye,RU,59.2917,39.6787,4.91,95,100,2.9
407,mackenzie,CA,55.2999,-123.1698,-14.8,53,1,2.53
408,durango,MX,24.8333,-104.8333,41.41,65,0,2.48
409,bereda,ES,43.2686,-7.5406,59.04,82,99,5.81
410,sisimiut,GL,66.9395,-53.6735,4.78,90,100,1.77
411,kurumkan,RU,54.3,110.3,-0.58,81,41,2.21
412,kruisfontein,ZA,-34.0033,24.7314,82.18,62,100,6.43
413,casa branca,BR,-21.7739,-47.0864,75.2,73,40,1.03
414,grahamstown,ZA,-33.3042,26.5328,78.01,87,97,3.58
415,murmashi,RU,68.8154,32.8115,-7.6,77,0,1.01
416,noumea,NC,-22.2763,166.4572,76.26,94,0,1.03
417,boda,CF,4.3189,17.4695,105.04,8,51,0.42
418,manado,ID,1.487,124.8455,78.8,94,20,0.67
419,college,US,64.8569,-147.8028,2.41,78,75,1.54
420,bodden town,KY,19.2833,-81.25,78.67,88,20,3.6
421,nara,JP,34.6851,135.8049,43.14,51,100,0.95
422,avera,US,33.194,-82.5271,62.74,95,90,1.54
423,dori,BF,14.0354,-0.0345,98.65,7,0,4.85
424,hurghada,EG,27.2574,33.8129,80.6,34,0,3.6
425,fene,ES,43.45,-8.15,57.97,94,75,3.09
426,taraz,KZ,42.9,71.3667,32.0,100,90,2.0
427,miles city,US,46.4083,-105.8406,-16.6,69,90,2.57
428,darhan,MN,49.4867,105.9228,6.53,87,99,0.57
429,klaksvik,FO,62.2266,-6.589,35.6,87,20,3.09
430,sala,MA,34.0389,-6.8166,62.56,94,75,3.09
431,tigil,RU,57.8,158.6667,7.27,88,100,1.53
432,pemangkat,ID,1.1667,108.9667,78.66,85,100,4.2
433,sola,VU,-13.8833,167.55,81.86,78,94,5.33
434,fayaoue,NC,-20.65,166.5333,79.92,71,28,2.97
435,garoua,CM,9.3,13.4,100.08,7,84,2.02
436,la crosse,US,43.8014,-91.2396,-8.16,59,90,4.63
437,tsabong,BW,-26.0217,22.401,89.44,33,70,1.97
438,yumen,CN,40.2833,97.2,35.29,66,100,1.88
439,broken hill,AU,-31.95,141.4333,93.2,18,100,4.12
440,yarovoye,RU,52.9273,78.58,-24.3,85,0,1.66
441,hamilton,US,39.1834,-84.5333,19.2,79,90,5.14
442,rabaul,PG,-4.1967,152.1721,78.6,88,100,4.46
443,tura,IN,25.5198,90.2201,63.97,47,0,1.68
444,cabedelo,BR,-6.9811,-34.8339,86.0,66,75,7.2
445,macusani,PE,-14.0833,-70.4333,41.76,78,89,0.51
446,cockburn town,TC,21.4612,-71.1419,77.0,73,40,5.14
447,sur,OM,22.5667,59.5289,71.17,57,0,2.06
448,buala,SB,-8.145,159.5921,80.29,81,79,4.72
449,itoman,JP,26.1247,127.6694,61.84,88,75,10.8
450,besancon,FR,47.2488,6.0182,28.0,27,5,0.89
451,miri,MY,4.4148,114.0089,78.4,94,40,1.54
452,wamba,NG,8.9333,8.6,101.25,8,20,2.13
453,birjand,IR,32.8663,59.2211,69.8,7,0,2.06
454,ak-dovurak,RU,51.1833,90.6,-3.14,83,100,0.21
455,sept-iles,CA,50.2001,-66.3821,5.09,78,90,4.63
456,nam som,TH,17.7704,102.1895,73.92,68,0,1.03
457,tyrma,RU,50.0833,132.1667,7.93,91,100,1.97
458,carutapera,BR,-1.195,-46.02,86.85,64,87,3.72
459,colares,PT,38.7992,-9.4469,60.22,88,75,6.17
460,at-bashi,KG,41.1702,75.8106,23.92,88,92,0.5
461,takhtamygda,RU,54.1,123.5667,7.63,94,100,4.4
462,leopold,AU,-38.1833,144.4667,68.81,100,90,2.57
463,spisske podhradie,SK,49.0009,20.7531,15.01,79,75,7.72
464,barraute,CA,48.4335,-77.6328,-16.6,76,20,4.12
465,aykhal,RU,66.0,111.5,-19.8,86,0,1.72
466,kahului,US,20.8947,-156.47,63.0,72,1,3.6
467,pizarro,CO,4.9533,-77.366,79.75,82,100,2.38
468,alihe,CN,50.5667,123.7167,18.59,96,99,2.5
469,canatlan,MX,24.5167,-104.7833,38.59,60,1,1.68
470,hof,DE,50.3167,11.9167,20.95,79,75,2.57
471,the valley,AI,18.217,-63.0578,79.66,69,20,6.69
472,kuytun,RU,54.3419,101.5036,-4.14,90,100,2.23
473,paka,MY,4.6374,103.4368,80.31,83,7,2.06
474,quepos,CR,9.4236,-84.1652,70.12,64,0,4.63
475,batagay,RU,67.6333,134.6333,-14.87,83,0,1.12
476,ikalamavony,MG,-21.15,46.5833,67.12,77,100,2.18
477,vila velha,BR,-20.3297,-40.2925,84.65,66,40,5.14
478,maine-soroa,NE,13.2114,12.0241,91.96,10,12,6.36
479,kotelnikovo,RU,47.6317,43.1461,44.19,92,98,2.71
480,amazar,RU,53.858,120.875,9.68,93,100,4.62
481,wladyslawowo,PL,54.7909,18.4009,21.63,79,75,5.14
482,zyryanovsk,KZ,49.7386,84.2719,5.88,93,100,0.25
483,mogadishu,SO,2.0371,45.3438,82.4,61,20,8.75
484,sonoita,MX,31.85,-112.8333,48.0,58,0,0.99
485,never,FR,46.9896,3.159,34.09,69,40,3.6
486,north charleston,US,32.8886,-80.0075,55.87,100,90,1.54
487,pangnirtung,CA,66.1451,-65.7125,-7.6,77,90,3.09
488,pacifica,US,37.6138,-122.4869,47.34,81,75,0.91
489,conceicao do almeida,BR,-12.7794,-39.17,88.57,44,31,3.73
490,aswan,EG,24.0934,32.907,88.93,12,71,3.6
491,campo de criptana,ES,39.4046,-3.1249,59.63,70,98,5.44
492,ust-ishim,RU,57.6935,71.1665,-18.67,88,14,2.21
493,shelburne,CA,44.0787,-80.2041,6.46,92,20,1.03
494,pangoa,PE,-12.1167,-73.0,76.08,72,84,1.22
495,tartagal,AR,-22.5164,-63.8013,68.0,100,90,1.13
496,rosario oeste,BR,-14.8361,-56.4275,88.29,61,99,0.44
497,rocha,UY,-34.4833,-54.3333,67.39,93,100,5.09
498,mabaruma,GY,8.2,-59.7833,81.27,68,56,2.51
499,sinnai,IT,39.3042,9.2036,60.03,63,40,7.72
500,kununurra,AU,-15.7667,128.7333,82.4,89,100,3.09
501,la asuncion,VE,11.0333,-63.8628,76.01,83,52,7.24
502,yermakovskoye,RU,53.2831,92.4003,-12.05,88,86,0.33
503,alim,PH,9.5649,122.4876,80.17,78,100,1.31
504,ndele,CF,8.4109,20.6473,102.24,8,85,1.52
505,ashland,US,40.8167,-82.2665,16.16,73,75,5.14
506,pierre,US,44.3683,-100.351,-4.0,71,90,5.66
507,marica,BR,-22.9194,-42.8186,85.95,78,20,3.09
508,novopavlovsk,RU,43.9622,43.6342,59.0,44,86,4.0
509,nemuro,JP,43.3236,145.575,25.2,93,50,7.87
510,inongo,CD,-1.95,18.2667,86.14,54,30,1.74
511,tokoname,JP,34.8833,136.85,46.9,57,75,3.09
512,antalaha,MG,-14.9003,50.2788,82.27,74,100,1.63
513,denpasar,ID,-8.65,115.2167,78.8,89,75,4.12
514,kembolcha,ET,11.0816,39.7434,70.54,32,97,4.12
515,aklavik,CA,68.2191,-135.0107,-17.55,76,34,1.54
516,acapulco,MX,16.8634,-99.8901,73.4,78,20,2.06
517,marystown,CA,47.1666,-55.1483,22.08,91,100,15.79
518,kuwana,JP,35.0667,136.7,46.69,57,75,3.09
519,oranjestad,AW,12.524,-70.027,82.4,65,40,8.75
520,bakchar,RU,57.0186,82.0711,-16.08,87,90,3.69
521,lata,PT,40.1629,-8.3327,65.37,66,100,3.86
522,anadyr,RU,64.75,177.4833,-25.26,68,0,3.0
523,balkanabat,TM,39.5108,54.3671,60.62,38,100,1.21
524,aguilas,ES,37.4063,-1.5829,70.0,38,0,0.51
525,grand-santi,GF,4.25,-54.3833,84.33,63,80,2.16
526,kuminskiy,RU,58.6667,66.5667,-15.81,89,7,1.65
527,kajaani,FI,64.2273,27.7285,-2.2,84,75,1.54
528,natal,BR,-5.795,-35.2094,88.7,62,75,7.72
529,escarcega,MX,18.6089,-90.7454,73.76,82,9,3.51
530,migori,KE,-1.0634,34.4731,71.56,73,100,1.97
531,colombo,LK,6.9319,79.8478,80.6,69,0,2.57
532,flin flon,CA,54.7682,-101.865,-34.6,74,1,4.12
533,dunedin,NZ,-45.8742,170.5036,49.35,72,1,0.89
534,miraflores,MX,19.2167,-98.8083,51.12,66,1,1.03
535,shangrao,CN,28.4532,117.9686,49.89,91,94,1.77
536,price,US,39.5994,-110.8107,30.2,69,20,2.06
537,oktyabrskiy,RU,54.4815,53.471,4.89,94,97,3.16
538,ismailia,EG,30.6043,32.2723,72.12,28,29,6.12
539,leningradskiy,RU,69.3833,178.4167,-22.95,81,43,3.45
540,dire dawa,ET,9.5931,41.8661,81.18,19,94,4.99
541,kemijarvi,FI,66.7131,27.4306,10.85,96,100,1.42
542,tullamore,IE,53.2739,-7.4889,34.34,71,100,4.92
543,kholodnyy,RU,62.7167,147.95,-3.15,83,95,0.94
544,kirakira,SB,-10.4544,161.9205,80.69,82,100,3.85
545,tucumcari,US,35.1717,-103.725,21.2,93,90,0.38
546,amalner,IN,21.05,75.0667,78.3,18,100,0.72
547,vrises,GR,35.492,23.8899,67.86,49,20,8.75
548,grindavik,IS,63.8424,-22.4338,37.4,87,75,8.23
549,ukiah,US,39.1502,-123.2078,43.07,81,1,2.06
550,alta floresta,BR,-9.8756,-56.0861,80.6,83,75,2.57
551,chipinge,ZW,-20.1883,32.6236,74.52,70,100,3.54
552,igbo ora,NG,7.4333,3.2833,95.04,37,98,1.64
553,grimshaw,CA,56.1834,-117.6027,-22.95,69,40,6.69
554,marialva,BR,-23.485,-51.7917,68.0,100,90,3.09
555,kenai,US,60.5544,-151.2583,23.94,80,90,6.69
556,agadez,NE,19.75,10.25,87.19,11,0,2.6
557,baykit,RU,61.67,96.37,-17.64,83,97,0.97
558,dillon,US,34.4166,-79.3712,52.93,100,90,1.08
559,port lincoln,AU,-34.7333,135.8667,61.45,78,3,5.24
560,mattru,SL,7.6244,-11.8332,103.57,27,0,1.07
561,port keats,AU,-14.25,129.55,82.09,82,83,4.12
562,sosva,RU,59.1766,61.8558,-13.31,88,0,0.62
563,juan lacaze,UY,-34.4342,-57.4381,77.0,69,75,3.6
564,kutum,SD,14.2,24.6667,82.42,15,4,1.63
565,palazzolo acreide,IT,37.0623,14.9035,59.07,72,19,8.23
566,santa maria,BR,-29.6842,-53.8069,73.4,88,75,2.06
567,usinsk,RU,65.9939,57.5281,-20.45,88,88,3.06
568,edson,CA,53.5835,-116.4356,-20.2,69,90,2.06
569,olean,US,42.0776,-78.4297,15.89,92,90,1.54
570,port blair,IN,11.6667,92.75,77.88,66,0,3.98
571,madang,PG,-5.2246,145.7966,77.04,88,100,1.94
572,buraydah,SA,26.326,43.975,75.2,38,0,1.03
573,ambilobe,MG,-13.2,49.05,81.48,84,99,1.2
